Time	Sealevel
0       0
0.081	-11.74200
0.085	-9.91080
0.128	-13.84100
0.190	-32.83200
0.193	-16.74600
0.251	-35.54100
0.257	-38.20200
0.258	-43.59700
0.259	-40.83900
0.266	-48.86900
0.267	-46.28200
0.305	-32.78300
0.315	-30.19600
0.317	-27.48600
0.322	-24.75200
0.329	-22.16500
0.334	-19.43100
0.339	-16.69700
0.357	-14.03600
0.375	-11.37500
0.395	-8.73910
0.460	-1.26960
0.466	-3.63740
0.486	-6.20050
0.558	-16.99000
0.559	-51.89600
0.563	-14.32900
0.564	-11.59500
0.565	-8.93440
0.566	-4.66260
0.571	-49.18700
0.574	-46.52600
0.581	-43.81700
0.582	-41.15600
0.587	-38.42200
0.591	-35.78600
0.597	-33.07600
0.599	-30.41500
0.604	-27.70600
0.607	-25.04500
0.612	-22.33600
0.616	-19.67500
0.672	-16.96500
0.682	-14.30500
0.687	-11.57100
0.695	-8.98320
0.702	-6.20050
0.714	0.85409
0.725	-3.44210
0.752	-1.26960
0.858	-4.05240
0.879	-6.71310
0.888	-9.44700
0.898	-12.10800
0.908	-14.76800
0.964	-17.55100
0.972	-22.84800
0.976	-20.11400
0.978	-30.87900
0.979	-25.50900
0.982	-33.54000
0.989	-36.27400
1.030	-14.79300
1.034	-12.05900
1.042	-9.47140
1.047	-6.73750
1.050	-4.00350
1.055	-1.39170
1.064	-17.47800
1.087	1.39110
1.176	4.00300
1.238	6.59050
1.268	4.80850
1.341	-8.64150
1.349	-5.95640
1.361	-3.29560
1.372	2.14780
1.377	-0.61052
1.472	4.95500
1.482	7.61570
1.487	9.12910
1.492	-0.19555
1.498	2.36750
1.511	-5.76110
1.512	-3.07600
1.556	-27.19300
1.560	-24.55700
1.561	-8.47060
1.562	-21.84700
1.563	-16.47700
1.568	-19.16200
1.569	-13.81600
1.570	-11.08200
1.631	-5.71230
1.641	-3.12480
1.649	-0.31760
1.658	2.24550
1.661	-8.44620
1.679	5.00380
1.744	12.30200
1.747	10.52100
1.752	8.00630
1.858	5.56530
1.885	2.78250
1.890	0.12178
1.893	-2.58770
1.902	-5.27290
1.905	-7.90920
1.910	-10.64300
1.916	-13.30400
1.920	-15.96500
2.043	8.66530
2.117	7.07870
2.225	9.08030
2.248	4.93060
2.258	10.96000
2.303	-0.34201
2.306	2.24550
2.308	-3.07600
2.310	-5.73670
2.316	-8.44620
2.321	-11.08200
2.325	-13.81600
2.330	-16.45300
2.333	-19.16200
2.393	3.78330
2.409	5.95580
2.441	8.64090
2.504	11.32600
2.675	13.35200
2.715	14.67000
2.829	12.96200
2.980	10.98400
3.153	8.59210
3.177	5.66290
3.186	3.05100
3.237	-5.00440
3.245	-7.71390
3.246	0.26824
3.247	-2.31920
3.249	-10.35000
3.254	-13.08400
3.259	-15.72000
3.262	-18.45400
3.267	-21.09100
3.340	1.61080
3.348	3.75890
3.397	6.51720
3.506	8.98270
3.589	11.42400
3.601	9.81260
3.677	7.24960
3.695	4.56440
3.718	1.92810
3.740	-0.63493
3.768	9.86140
3.823	12.64400
3.881	15.54900
3.899	18.21000
3.918	20.23600
3.966	13.35200
3.996	10.76500
3.999	-11.13100
4.000	4.97940
4.017	14.49900
4.025	7.88420
4.103	9.25120
4.127	10.61800
4.198	6.19990
4.288	3.88090
4.341	11.32600
4.365	6.19990
4.366	8.88500
4.513	12.74200
4.548	10.96000
4.575	-5.24850
4.581	-2.58770
4.590	0.09737
4.596	2.80690
4.602	5.49200
4.603	14.91400
4.608	8.17710
4.689	13.42500
4.809	14.81700
4.964	15.37800
4.965	17.69700
4.979	19.62600
5.062	12.54700
5.097	9.86140
5.179	7.20070
5.184	4.54000
5.190	1.90370
5.198	-0.63493
5.245	9.83700
5.263	12.57100
5.313	15.25600
5.411	16.98900
5.509	15.62200
5.623	19.43000
5.705	17.20900
5.733	1.07380
5.734	11.81400
5.751	14.64600
5.940	18.18500
5.950	19.13700
6.161	18.55100
6.318	16.30600
6.372	8.15270
6.373	13.52300
6.378	5.44320
6.463	2.75810
6.478	0.14619
6.494	-2.53890
6.511	-5.19960
6.522	5.46760
6.523	8.15270
6.531	10.96000
6.561	12.71700
6.702	13.37700
6.752	11.91200
6.861	9.15350
6.896	6.44400
6.981	3.78330
6.995	1.07380
7.004	-1.58690
7.010	-4.27210
7.019	-6.95720
7.025	13.84000
7.027	-9.61790
7.028	6.44400
7.029	9.12910
7.062	11.91200
7.201	11.35000
7.292	9.78820
7.410	11.88700
7.427	14.45100
7.438	17.11100
7.457	19.72300
7.463	22.01800
7.503	3.78330
7.505	6.49280
7.510	1.07380
7.511	-1.56250
7.518	-4.29650
7.520	9.22680
7.644	11.76500
7.664	14.35300
7.677	16.79400
7.714	9.12910
7.732	6.46840
7.734	11.44800
7.752	3.73450
7.772	1.07380
7.843	-1.63580
7.853	-4.27210
7.905	1.09820
7.928	3.75890
7.963	6.61490
8.129	6.05350
8.137	7.27400
8.182	3.02660
8.250	0.19501
8.310	-1.92870
8.396	0.56116
8.411	3.02660
8.476	5.78490
8.497	7.17630
8.651	7.78660
8.673	9.98350
8.741	4.95500
8.824	2.24550
8.849	-0.31760
8.860	-3.00270
8.874	-5.56580
8.887	-8.15330
8.902	5.00380
8.912	7.66450
8.920	10.37400
8.922	19.94300
8.927	2.29430
8.928	13.03500
8.948	17.72200
8.980	15.25600
9.071	12.57100
9.094	9.86140
9.116	7.12750
9.136	4.49120
9.200	-0.83022
9.201	1.85490
9.202	-3.46650
9.259	4.46680
9.305	7.27400
9.442	1.80610
9.443	7.17630
9.451	8.64090
9.463	-2.95390
9.504	-0.78140
9.586	1.80610
9.614	4.49120
9.642	7.20070
9.669	9.86140
9.717	12.66900
9.718	17.45300
9.740	15.47600
9.820	13.13200
9.957	10.42300
9.980	8.03070
10.050	13.10800
10.110	15.57300
10.250	17.79500
10.260	20.26000
10.280	22.87200
10.290	24.84900
10.310	14.93900
10.320	12.35100
10.330	9.66620
10.369	-3.61300
10.370	-0.97668
10.380	1.63520
10.390	4.29590
10.400	6.90780
10.480	9.49530
10.500	12.08300
10.530	14.71900
10.540	17.52600
10.620	19.77200
10.730	7.49370
10.740	-0.53729
10.749	9.86140
10.750	20.62600
10.769	1.95250
10.770	22.38400
10.800	4.56440
10.830	7.02990
10.889	9.61730
10.890	12.35100
10.900	14.96300
10.910	17.72200
10.919	20.30900
10.920	35.24800
10.930	33.51500
10.950	30.92700
10.969	25.82600
10.970	28.34000
11.080	25.50800
11.120	23.55600
11.310	21.60300
11.440	19.04000
11.460	16.25700
11.510	2.90450
11.520	5.61410
11.529	8.25040
11.530	13.49900
11.629	14.15800
11.630	16.45200
11.660	19.16200
11.720	21.79800
11.860	24.06800
12.030	23.97100
12.050	22.48200
12.130	19.62600
12.180	16.94000
12.200	14.25500
12.220	11.57000
12.250	8.90940
12.280	6.12670
12.420	3.61240
12.470	16.98900
12.478	1.19580
12.480	14.25500
12.490	19.60100
12.510	22.28600
12.540	25.02000
12.570	27.70500
12.610	30.36600
12.660	33.02700
12.720	35.88300
12.780	37.56700
12.790	39.74000
12.810	42.32700
12.820	34.56500
12.840	31.83100
12.850	29.09700
12.889	21.11500
12.890	23.82400
12.900	18.40500
12.909	15.76900
12.910	26.38700
13.030	28.56000
13.040	26.65600
13.060	24.01900
13.150	21.35900
13.160	18.69800
13.170	16.08600
13.180	13.37700
13.200	10.83800
13.209	23.97100
13.210	26.75300
13.220	29.34100
13.230	32.12400
13.238	34.71100
13.240	37.46900
13.250	40.08100
13.260	42.86400
13.290	45.50000
13.360	48.08800
13.490	47.74600
13.500	45.72000
13.510	43.03500
13.530	40.35000
13.550	37.66500
13.570	29.87800
13.590	32.46500
13.610	35.10200
13.690	37.68900
13.740	40.37400
13.790	43.05900
13.860	52.99400
13.868	45.74400
13.870	50.72400
14.040	43.93800
14.088	46.47700
14.090	54.53200
14.120	57.46100
14.310	58.46200
14.520	59.75600
14.560	57.92500
14.600	59.53600
14.620	55.02000
14.660	52.36000
14.690	49.65000
14.790	46.94100
14.820	44.42600
14.849	49.65000
14.850	52.33500
14.859	41.93600
14.860	55.06900
14.920	57.80300
14.950	60.65900
14.990	58.92600
15.060	56.02100
15.070	53.28700
15.090	50.57800
15.100	47.91700
15.120	45.23200
15.190	42.69300
15.210	40.32500
15.260	45.28100
15.270	58.92600
15.290	47.91700
15.298	50.62600
15.300	56.77800
15.330	54.19000
15.390	51.79800
15.480	48.91800
15.550	46.23300
15.620	43.54700
15.680	40.86200
15.710	38.15300
15.800	35.46800
15.830	32.90500
15.860	30.24400
15.870	27.85200
15.890	38.20200
15.900	40.81400
15.908	35.49200
15.910	43.52300
15.920	46.28100
15.930	48.86900
15.950	51.60300
15.990	54.26400
16.020	56.99800
16.030	58.63300
16.160	61.22000
16.170	59.36500
16.300	56.72900
16.400	54.04400
16.490	51.35900
16.560	48.74700
16.578	27.19300
16.580	45.98900
16.620	19.16200
16.628	21.82200
16.630	24.48300
16.640	16.84300
16.680	32.44100
16.700	27.73000
16.708	25.46000
16.710	30.39000
16.810	32.58700
16.940	29.87800
17.000	27.21700
17.020	24.53200
17.040	21.79800
17.060	19.08800
17.080	16.42800
17.100	13.93800
17.220	12.20500
17.280	14.49900
17.310	17.18400
17.340	19.89400
17.358	22.53000
17.360	34.95500
17.390	27.92500
17.398	25.24000
17.400	33.02700
17.440	30.68300
17.620	28.56000
17.650	30.48800
17.740	31.48900
17.770	33.78300
17.830	36.44400
17.910	39.22700
17.968	41.86300
17.970	43.88900
18.020	39.44700
18.060	36.71300
18.100	34.02800
18.140	31.34200
18.158	15.23200
18.160	28.65700
18.230	12.57100
18.288	10.25200
18.290	45.11000
18.300	23.28700
18.319	25.97200
18.320	43.05900
18.359	28.63300
18.360	40.49600
18.389	31.34200
18.390	37.83600
18.420	35.19900
18.480	32.78300
18.580	30.24400
18.680	33.68600
18.700	32.12400
18.910	30.73200
19.150	30.51200
19.200	32.73400
19.230	27.70500
19.249	25.04500
19.250	34.63800
19.260	22.33500
19.280	19.65000
19.300	16.96500
19.310	14.32900
19.330	11.64300
19.390	8.86060
19.470	11.59500
19.478	14.20600
19.480	16.94000
19.489	19.65000
19.490	22.26200
19.499	8.88500
19.500	25.04500
19.509	27.68100
19.510	33.05100
19.520	35.76100
19.530	38.39700
19.620	40.13000
19.640	41.59500
19.770	37.76200
19.890	39.66600
19.920	42.05800
19.950	44.76800
19.980	47.47800
20.060	50.13800
20.149	50.84600
20.150	52.43300
20.169	45.30500
20.170	47.91700
20.179	39.83700
20.180	42.57100
20.189	34.51600
20.190	37.25000
20.199	29.17000
20.200	31.78200
20.210	26.46000
20.219	21.09000
20.220	23.72600
20.229	15.67100
20.230	18.40500
20.300	13.05900
20.350	10.71600
20.370	15.69500
20.380	18.40500
20.390	21.06600
20.398	23.82400
20.400	26.43600
20.410	29.17000
20.420	31.78200
20.430	34.56500
20.440	37.17600
20.450	39.93500
20.470	42.57100
20.490	45.23200
20.530	47.99000
20.610	50.57800
20.650	52.38400
20.710	50.65100
20.770	48.55200
20.930	46.11100
20.980	43.30300
21.000	40.64300
21.020	37.93300
21.040	35.24800
21.070	32.56300
21.080	29.90200
21.100	27.19300
21.110	24.48300
21.130	21.77400
21.150	19.08800
21.160	16.40300
21.170	14.06000
21.290	12.35100
21.370	14.74300
21.400	17.45300
21.418	20.11400
21.420	44.28000
21.440	47.03800
21.540	49.60100
21.600	51.87100
21.700	49.77200
21.710	47.33100
21.720	44.81700
21.800	50.52900
21.810	52.82300
21.880	55.50800
21.950	58.92600
21.980	57.19300
22.060	54.55600
22.090	51.84700
22.100	49.21100
22.110	46.52600
22.130	43.81600
22.140	41.08200
22.149	22.31100
22.150	38.42100
22.160	19.74800
22.320	18.30700
22.368	20.84600
22.370	42.32700
22.380	45.03700
22.430	47.84400
22.450	53.38500
22.460	51.16300
22.490	49.06400
22.560	45.98900
22.650	43.13300
22.670	41.03300
22.820	43.88900
22.920	46.03700
22.960	47.77000
23.010	45.81800
23.020	43.79200
23.080	41.10600
23.140	38.42100
23.200	35.73600
23.250	33.07600
23.270	30.36600
23.290	27.68100
23.310	24.99600
23.320	22.31100
23.340	19.62600
23.360	16.96500
23.370	14.28000
23.390	11.59500
23.470	8.71420
23.490	6.61490
23.608	11.57000
23.610	30.36600
23.619	9.10470
23.620	33.10000
23.640	35.76100
23.660	38.42100
23.690	41.10600
23.710	43.81600
23.730	46.45200
23.770	51.26100
23.790	49.43000
23.900	48.91800
23.920	47.47800
24.020	45.13400
24.120	47.69700
24.180	50.18700
24.340	51.62700
24.550	52.28600
24.650	54.55600
24.730	56.97300
24.828	58.12000
24.830	60.34200
24.860	55.24000
24.880	52.53000
24.900	49.87000
24.920	47.20900
24.930	44.52400
24.950	41.88800
24.970	39.17800
25.020	34.22300
25.030	36.39500
25.140	39.34900
25.150	42.03400
25.160	44.76800
25.180	47.52600
25.190	50.13800
25.200	57.70500
25.220	52.97000
25.230	55.72800
25.380	53.58000
25.600	54.06800
25.770	52.70100
25.990	51.50500
26.180	49.01500
26.250	46.23300
26.290	43.54700
26.320	40.88700
26.360	38.17700
26.400	35.46800
26.430	32.80700
26.470	30.12200
26.510	27.55900
26.670	25.99700
26.709	28.41300
26.710	36.46900
26.720	39.27600
26.810	41.71700
26.840	44.54800
26.860	47.18500
26.880	49.99200
26.890	53.28700
26.980	51.43200
27.150	48.77100
27.160	46.55000
27.250	44.91400
27.490	43.52300
27.570	40.61800
27.590	37.93300
27.610	35.27200
27.640	32.56300
27.650	29.87800
27.680	27.21700
27.700	24.48300
27.720	21.82200
27.740	19.16200
27.770	16.45200
27.840	13.84000
27.880	11.74100
27.900	34.73500
27.905	16.69600
27.910	32.80700
27.930	14.32900
28.040	36.27300
28.050	34.71100
28.170	31.83100
28.250	29.14500
28.340	26.58200
28.570	24.82500
28.800	26.90000
28.980	29.26800
29.050	31.17200
29.070	27.48600
29.080	24.77600
29.100	22.09100
29.120	19.40600
29.130	16.69600
29.150	14.01100
29.160	11.30200
29.200	6.29760
29.230	8.51890
29.330	12.05800
29.340	22.79900
29.350	9.66620
29.380	25.60600
29.560	27.51000
29.750	28.97500
29.930	30.14600
30.100	30.58600
30.130	32.07500
30.150	27.90100
30.190	25.24000
30.220	22.57900
30.260	19.87000
30.300	17.18400
30.340	14.49900
30.370	11.91200
30.470	9.66620
30.520	12.10700
30.530	14.74300
30.540	17.40400
30.550	20.16300
30.560	22.75000
30.570	25.53300
30.580	28.12000
30.590	30.92700
30.600	33.51500
30.630	36.24900
30.660	38.91000
30.680	41.61900
30.710	44.28000
30.750	52.77500
30.770	50.87100
30.780	48.33200
30.820	45.96400
30.920	43.05900
30.980	40.27700
31.110	37.68900
31.300	34.83300
31.540	35.02800
31.650	37.64000
31.770	39.91000
31.800	37.39600
31.810	41.96100
31.820	34.80900
31.830	32.05000
31.840	29.39000
31.850	26.68000
31.860	24.01900
31.870	21.35900
31.880	18.60000
31.885	13.27900
31.890	16.01300
31.940	10.56900
32.100	8.12830
32.260	9.56850
32.270	30.85400
32.320	33.00200
32.510	33.05100
32.670	33.73500
32.760	36.56600
32.780	39.15400
32.800	41.05800
32.860	36.73700
32.920	34.05200
33.010	31.14700
33.050	29.07200
33.210	31.58700
33.320	33.83200
33.440	35.63900
33.590	37.29800
33.640	38.88500
33.660	34.54000
33.680	31.87900
33.700	29.17000
33.720	26.48500
33.740	23.77500
33.770	21.11500
33.810	18.38100
33.890	15.64700
34.020	33.78300
34.029	16.25700
34.030	32.27000